4 0.190678 0.111000 0.093220 0.090000
4 0.332203 0.106000 0.084746 0.092000
4 0.716102 0.191000 0.055932 0.114000
4 0.205932 0.258000 0.086441 0.088000
4 0.334746 0.249000 0.093220 0.086000
4 0.189831 0.654000 0.091525 0.072000
4 0.332203 0.643000 0.081356 0.106000
4 0.201695 0.791000 0.084746 0.094000
4 0.337288 0.787000 0.105085 0.078000
4 0.694915 0.660000 0.088136 0.080000
4 0.828814 0.649000 0.094915 0.102000
4 0.697458 0.804000 0.089831 0.108000
4 0.831356 0.794000 0.106780 0.084000
2 0.262712 0.707000 0.074576 0.118000 0.262712 0.671600 2 0.262712 0.742400 2
2 0.263559 0.175000 0.079661 0.126000 0.263559 0.137200 2 0.263559 0.212800 2
0 0.268644 0.434000 0.154237 0.104000 0.222933 0.434000 2 0.314355 0.434000 2
0 0.711017 0.313000 0.079661 0.154000 0.711017 0.266800 2 0.711017 0.359200 2
0 0.876271 0.257000 0.111864 0.142000 0.876271 0.214400 2 0.876271 0.299600 2