4 0.131807 0.194295 0.058168 0.061681
4 0.241337 0.192753 0.051980 0.064765
4 0.133663 0.542791 0.049505 0.061681
4 0.239480 0.547417 0.058168 0.058597
4 0.184406 0.436392 0.019802 0.132614
4 0.244431 0.837317 0.053218 0.052429
4 0.806931 0.262143 0.032178 0.117194
4 0.735767 0.092521 0.060644 0.049345
4 0.753713 0.670779 0.029703 0.132614
4 0.941832 0.467232 0.027228 0.151118
2 0.659035 0.467232 0.068069 0.169622 0.659035 0.416345 2 0.659035 0.518119 2
0 0.107054 0.828065 0.105198 0.120278 0.075495 0.828065 2 0.138613 0.828065 2
0 0.189975 0.288358 0.053218 0.138782 0.189975 0.246723 2 0.189975 0.329993 2
0 0.864480 0.658443 0.060644 0.188126 0.864480 0.602005 2 0.864480 0.714881 2
0 0.781559 0.313030 0.038366 0.132614 0.781559 0.273246 2 0.781559 0.352814 2