4 0.130605 0.161219 0.056456 0.096290
4 0.058482 0.615724 0.028363 0.146643
4 0.218801 0.609099 0.027012 0.159894
4 0.678552 0.392668 0.046461 0.096290
4 0.752431 0.136042 0.045111 0.088339
4 0.867639 0.647527 0.030794 0.176678
4 0.607239 0.781802 0.027012 0.151943
4 0.247029 0.388693 0.052674 0.088339
2 0.133171 0.374117 0.066991 0.126325
2 0.151810 0.624117 0.044841 0.181095
2 0.609130 0.556537 0.046461 0.231449
2 0.913965 0.638693 0.046191 0.210247
2 0.667612 0.226590 0.068341 0.142226
1 0.807942 0.377650 0.081037 0.193463
4 0.749325 0.661661 0.025932 0.164311
0 0.243787 0.142668 0.079687 0.151060
1 0.319152 0.611307 0.075905 0.231449
