2 0.172243 0.222656 0.085932 0.034375
2 0.036122 0.387109 0.047909 0.071094
2 0.339544 0.383203 0.031179 0.069531
0 0.050951 0.817578 0.066920 0.094531
0 0.520913 0.780469 0.086692 0.064062
0 0.619772 0.780859 0.076046 0.064844
0 0.579468 0.707031 0.057795 0.064062
0 0.850190 0.373047 0.050190 0.085156
0 0.612548 0.476562 0.055513 0.076563
4 0.160076 0.262891 0.066160 0.030469
4 0.093536 0.323047 0.042586 0.046094
4 0.201901 0.333984 0.041825 0.044531
4 0.275285 0.374609 0.034981 0.060156
4 0.163118 0.509766 0.064639 0.024219
4 0.611787 0.367969 0.025095 0.040625
4 0.715970 0.372266 0.031179 0.055469
4 0.873004 0.701562 0.013688 0.045312
4 0.908745 0.782813 0.038023 0.043750
4 0.847529 0.779687 0.037262 0.037500
4 0.850190 0.476172 0.027376 0.044531
3 0.776806 0.420312 0.079848 0.064062
4 0.177567 0.822656 0.020532 0.056250
4 0.308365 0.820703 0.034221 0.057031
4 0.239163 0.755469 0.041825 0.021875
4 0.112928 0.754687 0.050951 0.031250
3 0.180608 0.683203 0.104183 0.089844
